1
root
512
0
0
-1
-1
-1
5
-1
-1
-1
-1
-1
-1
-1
3
sort.xsm
494
0
-1
-1
-1
-1
69
-1
-1
-1
-1
-1
-1
-1
3
list.xsm
524
0
-1
-1
-1
-1
70
71
-1
-1
-1
-1
-1
-1
3
pev.xsm
144
0
-1
-1
-1
-1
72
-1
-1
-1
-1
-1
-1
-1
3
podd.xsm
144
0
-1
-1
-1
-1
73
-1
-1
-1
-1
-1
-1
-1
3
init.xsm
144
0
-1
-1
-1
-1
74
-1
-1
-1
-1
-1
-1
-1
3
GCD.xsm
372
0
-1
-1
-1
-1
75
-1
-1
-1
-1
-1
-1
-1
3
pid.xsm
110
0
-1
-1
-1
-1
76
-1
-1
-1
-1
-1
-1
-1
3
parent.xsm
340
0
-1
-1
-1
-1
77
-1
-1
-1
-1
-1
-1
-1
3
writers.xsm
990
0
-1
-1
-1
-1
78
79
-1
-1
-1
-1
-1
-1
3
child.xsm
352
0
-1
-1
-1
-1
80
-1
-1
-1
-1
-1
-1
-1
3
shell.xsm
146
0
-1
-1
-1
-1
81
-1
-1
-1
-1
-1
-1
-1
3
merge.xsm
1930
0
-1
-1
-1
-1
82
83
84
85
-1
-1
-1
-1
3
merge1.xsm
1150
0
-1
-1
-1
-1
86
87
88
-1
-1
-1
-1
-1
3
shell1.xsm
194
0
-1
-1
-1
-1
89
-1
-1
-1
-1
-1
-1
-1
3
shell2.xsm
344
0
-1
-1
-1
-1
90
-1
-1
-1
-1
-1
-1
-1
3
prog.xsm
556
0
-1
-1
-1
-1
91
92
-1
-1
-1
-1
-1
-1
3
prog1.xsm
1014
0
-1
-1
-1
-1
93
94
-1
-1
-1
-1
-1
-1
3
prog2.xsm
622
0
-1
-1
-1
-1
95
96
-1
-1
-1
-1
-1
-1
3
prog3.xsm
622
0
-1
-1
-1
-1
97
98
-1
-1
-1
-1
-1
-1
3
cat.xsm
320
0
-1
-1
-1
-1
99
-1
-1
-1
-1
-1
-1
-1
3
prog4.xsm
2046
0
-1
-1
-1
-1
100
101
102
103
-1
-1
-1
-1
3
cp.xsm
520
0
-1
-1
-1
-1
104
105
-1
-1
-1
-1
-1
-1
3
rm.xsm
162
0
-1
-1
-1
-1
106
-1
-1
-1
-1
-1
-1
-1
2
sample.dat
2
1
1
-1
-1
-1
107
-1
-1
-1
-1
-1
-1
-1
2
numbers.dat
2047
1
1
-1
-1
-1
108
109
110
111
-1
-1
-1
-1
2
-1
1014
1
1
-1
-1
-1
112
113
-1
-1
-1
-1
-1
-1
2
xyz.dat
1014
1
1
-1
-1
-1
114
115
-1
-1
-1
-1
-1
-1
-1
-1
0
-1
-1
-1
-1
-1
-1
-1
-1
-1
-1
-1
-1
-1
-1
-1
0
-1
-1
-1
-1
-1
-1
-1
-1
-1
-1
-1
-1
-1
-1
-1
0
-1
-1
-1
-1
-1
-1
-1
-1
-1
-1
-1
-1
-1
-1
-1
0
-1
-1
-1
-1
-1
-1
-1
-1
-1
-1
-1
-1
-1
-1
-1
0
-1
-1
-1
-1
-1
-1
-1
-1
-1
-1
-1
-1
-1
-1
-1
0
-1
-1
-1
-1
-1
-1
-1
-1
-1
-1
-1
-1
-1
-1
-1
0
-1
-1
-1
-1
-1
-1
-1
-1
-1
-1
-1
-1
-1
-1
-1
0
-1
-1
-1
-1
-1
-1
-1
-1
-1
-1
-1
-1
-1
-1
-1
0
-1
-1
-1
-1
-1
-1
-1
-1
-1
-1
-1
-1
-1
-1
-1
0
-1
-1
-1
-1
-1
-1
-1
-1
-1
-1
-1
-1
-1
-1
-1
0
-1
-1
-1
-1
-1
-1
-1
-1
-1
-1
-1
-1
-1
-1
-1
0
-1
-1
-1
-1
-1
-1
-1
-1
-1
-1
-1
-1
-1
-1
-1
0
-1
-1
-1
-1
-1
-1
-1
-1
-1
-1
-1
-1
-1
-1
-1
0
-1
-1
-1
-1
-1
-1
-1
-1
-1
-1
-1
-1
-1
-1
-1
0
-1
-1
-1
-1
-1
-1
-1
-1
-1
-1
-1
-1
-1
-1
-1
0
-1
-1
-1
-1
-1
-1
-1
-1
-1
-1
-1
-1
-1
-1
-1
0
-1
-1
-1
-1
-1
-1
-1
-1
-1
-1
-1
-1
-1
-1
-1
0
-1
-1
-1
-1
-1
-1
-1
-1
-1
-1
-1
-1
-1
-1
-1
0
-1
-1
-1
-1
-1
-1
-1
-1
-1
-1
-1
-1
-1
-1
-1
0
-1
-1
-1
-1
-1
-1
-1
-1
-1
-1
-1
-1
-1
-1
-1
0
-1
-1
-1
-1
-1
-1
-1
-1
-1
-1
-1
-1
-1
-1
-1
0
-1
-1
-1
-1
-1
-1
-1
-1
-1
-1
-1
-1
-1
-1
-1
0
-1
-1
-1
-1
-1
-1
-1
-1
-1
-1
-1
-1
-1
-1
-1
0
-1
-1
-1
-1
-1
-1
-1
-1
-1
-1
-1
-1
-1
-1
-1
0
-1
-1
-1
-1
-1
-1
-1
-1
-1
-1
-1
-1
-1
-1
-1
0
-1
-1
-1
-1
-1
-1
-1
-1
-1
-1
-1
-1
-1
-1
-1
0
-1
-1
-1
-1
-1
-1
-1
-1
-1
-1
-1
-1
-1
-1
-1
0
-1
-1
-1
-1
-1
-1
-1
-1
-1
-1
-1
-1
-1
-1
-1
0
-1
-1
-1
-1
-1
-1
-1
-1
-1
-1
-1
-1
-1
-1
-1
0
-1
-1
-1
-1
-1
-1
-1
-1
-1
-1
-1
-1
-1
-1
-1
0
-1
-1
-1
-1
-1
-1
-1
-1
-1
-1
-1
-1
-1
-1
-1
0
-1
-1
-1
-1
-1
-1
-1
-1
-1
-1
-1
-1
-1
kernel
-1
root
452
-1
-1
-1
-1
-1
-1
-1
-1
-1
-1
-1
-1
-1
-1
-1
-1
-1
-1
-1
-1
-1
-1
-1
-1
-1
-1
-1
-1
-1
-1
-1
-1
-1
-1
-1
-1
-1
-1
-1
-1
-1
-1
-1
-1
-1
-1
-1
-1
-1
-1
-1
-1
-1
-1
-1
-1
-1
-1
-1
-1
